0 82 0 104
0 82 15 82
0 116 0 140
0 116 13 116
0 149 0 188
0 149 14 149
0 195 0 213
0 195 1 195
0 222 0 264
0 222 14 222
0 273 0 307
0 273 14 273
1 104 14 104
1 140 14 140
1 187 14 187
1 212 2 212
1 264 14 264
1 307 123 307
2 196 14 196
3 213 14 213
14 89 14 103
14 89 15 88
14 117 14 139
14 150 14 186
14 197 14 212
14 223 14 263
14 274 14 299
15 300 131 300
16 81 92 81
16 88 92 88
92 82 92 87
103 83 103 88
103 83 105 81
104 88 136 88
106 81 128 81
124 308 124 366
125 367 125 369
126 370 126 380
127 380 588 380
129 16 129 80
129 16 130 15
130 9 130 14
130 9 131 8
131 0 131 7
131 0 586 0
131 301 131 363
132 364 169 364
136 16 136 87
136 16 137 15
138 15 173 15
148 118 148 177
148 118 246 118
149 177 246 177
150 217 150 266
150 217 244 217
151 266 244 266
154 125 154 170
154 125 155 124
155 171 239 171
156 124 239 124
156 224 156 259
156 224 157 223
157 260 237 260
158 223 237 223
170 293 170 363
170 293 199 293
174 16 174 100
175 100 196 100
176 300 176 360
176 300 177 299
177 361 252 361
178 299 199 299
181 21 181 92
181 21 182 20
182 93 196 93
183 20 257 20
196 94 196 99
199 294 199 298
208 293 208 299
208 293 259 293
209 299 252 299
213 93 213 100
213 93 257 93
214 100 265 100
238 224 238 259
240 125 240 170
244 218 244 265
246 119 246 176
253 300 253 324
253 333 253 360
253 333 259 333
254 324 259 324
258 21 258 45
258 66 258 92
258 66 265 66
259 46 265 46
259 294 259 323
259 334 259 363
260 364 293 364
265 16 265 45
265 16 266 15
265 67 265 99
267 15 289 15
290 16 290 104
291 104 359 104
294 286 294 363
294 286 398 286
296 14 296 97
296 14 297 13
297 98 359 98
298 13 456 13
300 293 300 362
300 293 301 292
301 363 449 363
302 292 398 292
308 159 308 160
308 159 309 158
309 157 310 156
309 161 309 163
310 155 313 152
310 164 313 167
310 244 310 245
310 244 311 243
311 242 312 241
311 246 311 248
312 240 315 237
312 249 315 252
314 152 316 150
314 159 314 160
314 159 317 156
314 167 315 168
315 161 318 164
316 168 317 169
316 237 318 235
316 244 316 245
316 244 319 241
316 252 317 253
317 150 318 150
317 246 320 249
318 156 319 155
318 169 319 170
318 253 319 254
319 149 320 149
319 164 320 165
319 235 320 235
320 155 321 154
320 170 321 171
320 241 321 240
320 254 321 255
321 148 323 148
321 165 322 165
321 234 322 234
321 249 322 250
322 154 323 153
322 171 324 171
322 240 323 239
322 255 323 256
323 166 325 166
323 233 325 233
323 250 324 250
324 147 327 147
324 153 325 153
324 239 325 238
324 256 326 256
325 172 328 172
325 251 327 251
326 152 329 152
326 167 329 167
326 232 329 232
326 238 327 238
327 257 330 257
328 146 334 146
328 237 331 237
328 252 331 252
329 173 334 173
330 151 336 151
330 168 336 168
330 231 336 231
331 258 336 258
332 236 338 236
332 253 338 253
335 145 427 145
335 174 427 174
337 150 425 150
337 169 425 169
337 230 429 230
337 259 429 259
339 235 427 235
339 254 427 254
359 99 359 103
375 103 375 104
375 103 376 104
375 103 376 102
376 98 376 101
376 98 456 98
377 104 463 104
398 287 398 291
414 286 414 292
414 286 456 286
415 292 449 292
426 151 432 151
426 168 432 168
428 146 433 146
428 173 434 173
428 236 434 236
428 253 434 253
430 231 435 231
430 258 436 258
433 152 436 152
433 167 436 167
434 147 437 147
435 172 438 172
435 237 438 237
435 252 438 252
436 232 439 232
437 153 439 153
437 166 439 166
437 257 440 257
438 148 441 148
439 171 441 171
439 238 441 238
439 251 441 251
440 154 442 154
440 165 441 165
440 233 443 233
441 256 443 256
442 149 443 149
442 164 443 164
442 170 443 170
442 239 444 239
442 250 443 250
443 155 444 155
444 150 445 150
444 163 445 163
444 169 446 169
444 234 445 234
444 249 445 249
444 255 445 255
445 156 448 159
445 240 446 240
446 151 447 151
446 162 448 160
446 235 447 235
446 248 447 248
446 254 448 254
447 168 448 167
447 241 450 244
448 152 449 152
448 236 449 236
448 247 450 245
449 167 452 164
449 253 450 252
450 153 453 156
450 237 451 237
450 293 450 332
450 344 450 362
450 344 451 343
451 252 454 249
451 332 456 332
452 163 453 162
452 238 455 241
452 343 456 343
453 157 453 158
453 161 454 160
454 248 455 247
455 242 455 243
455 246 456 245
456 287 456 331
456 344 456 363
457 14 457 53
457 69 457 97
457 69 458 68
457 364 522 364
458 53 463 53
459 68 463 68
463 16 463 52
463 16 464 15
463 69 463 103
465 15 521 15
522 16 522 54
522 63 522 91
522 63 528 63
522 100 522 121
522 100 528 100
523 54 527 54
523 91 528 91
523 121 559 121
523 253 523 328
523 253 548 253
523 337 523 363
523 337 529 337
524 328 529 328
528 21 528 53
528 21 529 20
528 64 528 90
528 101 528 114
529 115 559 115
529 260 529 327
529 260 530 259
529 338 529 367
530 20 577 20
530 368 580 368
531 259 548 259
548 254 548 258
557 253 557 259
557 253 587 253
558 259 580 259
559 116 559 120
570 115 570 121
570 115 577 115
571 121 584 121
578 21 578 114
581 260 581 367
584 85 584 120
584 85 585 84
586 1 586 14
586 84 661 84
587 15 587 20
587 254 587 292
588 21 588 76
588 293 661 293
588 365 588 379
588 365 589 364
589 77 660 77
589 301 589 363
589 301 590 300
591 300 664 300
661 78 678 78
662 85 662 121
662 130 662 152
662 130 678 130
662 161 662 188
662 161 678 161
662 197 662 208
662 197 678 197
662 217 662 261
662 217 678 217
662 270 662 292
662 270 671 270
663 121 678 121
663 152 678 152
663 188 678 188
663 208 678 208
663 261 672 261
665 299 678 299
672 271 678 271
673 262 678 262
678 79 678 120
678 131 678 151
678 162 678 187
678 198 678 207
678 218 678 261
678 272 678 298
