1 0 1 148
1 0 678 0
1 224 1 545
1 224 17 224
1 594 1 775
1 594 17 594
2 148 17 148
2 545 17 545
2 775 44 775
17 16 17 147
17 16 18 15
17 225 17 544
17 595 17 758
18 759 44 759
19 15 97 15
44 760 44 774
71 759 71 775
71 759 102 759
72 775 549 775
98 16 98 123
99 123 268 123
103 659 103 758
103 659 262 659
151 396 151 474
151 396 177 396
151 511 151 583
151 511 176 511
152 474 177 474
152 583 176 583
153 280 153 352
153 280 177 280
154 161 154 238
154 161 178 161
154 352 177 352
155 238 178 238
176 512 176 582
177 281 177 351
177 397 177 473
178 162 178 237
262 660 262 758
263 759 343 759
268 16 268 122
268 16 269 15
270 15 335 15
336 16 336 123
337 123 494 123
344 657 344 758
344 657 490 657
352 275 352 353
352 275 381 275
353 353 381 353
353 399 353 480
353 399 383 399
354 480 383 480
355 162 355 241
355 162 384 162
355 520 355 599
355 520 386 520
356 241 384 241
356 599 386 599
381 276 381 352
383 400 383 479
384 163 384 240
386 521 386 598
490 658 490 758
491 759 549 759
494 16 494 122
494 16 495 15
496 15 661 15
549 760 549 774
576 759 576 775
576 759 661 759
577 775 678 775
662 16 662 178
662 219 662 501
662 219 678 219
662 540 662 758
662 540 678 540
663 178 678 178
663 501 678 501
678 1 678 177
678 220 678 500
678 541 678 774
