0 0 0 811
0 0 676 0
1 811 84 811
23 255 23 787
23 255 24 254
24 788 84 788
25 254 101 254
29 30 29 247
29 30 30 29
30 248 101 248
31 29 260 29
84 789 84 810
101 249 101 253
111 788 111 811
111 788 200 788
112 811 562 811
140 248 140 254
140 248 199 248
141 254 197 254
198 255 198 361
199 362 199 542
200 247 201 247
200 543 200 651
200 707 200 724
200 707 201 707
201 651 205 651
201 725 201 787
202 248 298 248
202 708 206 708
203 255 203 324
203 255 204 254
204 325 204 506
205 254 262 254
205 507 205 650
206 709 206 787
207 788 309 788
261 28 268 28
263 255 263 419
264 419 411 419
269 29 298 29
269 255 269 412
269 255 270 254
270 413 416 413
271 254 305 254
299 30 299 173
299 200 299 247
299 200 305 200
300 173 305 173
305 24 305 172
305 24 306 23
305 201 305 253
307 23 411 23
310 621 310 787
310 621 327 621
327 622 327 661
327 691 327 787
327 691 328 690
328 662 552 662
328 788 562 788
329 690 552 690
412 24 412 28
412 420 412 534
413 28 418 28
413 534 519 534
417 412 418 412
418 420 418 527
418 420 419 419
419 27 464 27
419 413 464 413
419 528 519 528
420 419 471 419
465 28 465 337
465 364 465 412
465 364 471 364
466 337 471 337
471 28 471 336
471 28 472 27
471 365 471 418
473 27 652 27
519 529 519 533
552 663 552 689
562 789 562 810
584 528 584 534
584 528 652 528
585 534 652 534
624 788 624 811
624 788 652 788
625 811 676 811
653 28 653 527
653 535 653 787
676 1 676 810
